0001 010 010 1 00001;设置R2为x0001                  
0101 011 000 0 00 010;R2 AND R0-> R3                 
0000 010 000000001;如果R3=0则跳到 R1=R1+R1           
0001 111 111 0 00 001;R7=R7+R1                      
0001 001 001 0 00 001;R1=R1+R1(左移一位)            
0001 010 010 0 00 010;R2=R2+R2(左移一位)            
0101 011 000 0 00 010;R2 AND R0-> R3                 
0000 010 000000001;如果R3=0则跳到 R1=R1+R1           
0001 111 111 0 00 001;R7=R7+R1                      
0001 001 001 0 00 001;R1=R1+R1(左移一位)            
0001 010 010 0 00 010;R2=R2+R2(左移一位)
0101 011 000 0 00 010;R2 AND R0-> R3                 
0000 010 000000001;如果R3=0则跳到 R1=R1+R1           
0001 111 111 0 00 001;R7=R7+R1                      
0001 001 001 0 00 001;R1=R1+R1(左移一位)            
0001 010 010 0 00 010;R2=R2+R2(左移一位)
0101 011 000 0 00 010;R2 AND R0-> R3                 
0000 010 000000001;如果R3=0则跳到 R1=R1+R1           
0001 111 111 0 00 001;R7=R7+R1                      
0001 001 001 0 00 001;R1=R1+R1(左移一位)            
0001 010 010 0 00 010;R2=R2+R2(左移一位)
0101 011 000 0 00 010;R2 AND R0-> R3                 
0000 010 000000001;如果R3=0则跳到 R1=R1+R1           
0001 111 111 0 00 001;R7=R7+R1                      
0001 001 001 0 00 001;R1=R1+R1(左移一位)            
0001 010 010 0 00 010;R2=R2+R2(左移一位)
0101 011 000 0 00 010;R2 AND R0-> R3                 
0000 010 000000001;如果R3=0则跳到 R1=R1+R1           
0001 111 111 0 00 001;R7=R7+R1                      
0001 001 001 0 00 001;R1=R1+R1(左移一位)            
0001 010 010 0 00 010;R2=R2+R2(左移一位)
0101 011 000 0 00 010;R2 AND R0-> R3                 
0000 010 000000001;如果R3=0则跳到 R1=R1+R1           
0001 111 111 0 00 001;R7=R7+R1                      
0001 001 001 0 00 001;R1=R1+R1(左移一位)            
0001 010 010 0 00 010;R2=R2+R2(左移一位)
0101 011 000 0 00 010;R2 AND R0-> R3                 
0000 010 000000001;如果R3=0则跳到 R1=R1+R1           
0001 111 111 0 00 001;R7=R7+R1                      
0001 001 001 0 00 001;R1=R1+R1(左移一位)            
0001 010 010 0 00 010;R2=R2+R2(左移一位)
0101 011 000 0 00 010;R2 AND R0-> R3                 
0000 010 000000001;如果R3=0则跳到 R1=R1+R1           
0001 111 111 0 00 001;R7=R7+R1                      
0001 001 001 0 00 001;R1=R1+R1(左移一位)            
0001 010 010 0 00 010;R2=R2+R2(左移一位)
0101 011 000 0 00 010;R2 AND R0-> R3                 
0000 010 000000001;如果R3=0则跳到 R1=R1+R1           
0001 111 111 0 00 001;R7=R7+R1                      
0001 001 001 0 00 001;R1=R1+R1(左移一位)            
0001 010 010 0 00 010;R2=R2+R2(左移一位)
0101 011 000 0 00 010;R2 AND R0-> R3                 
0000 010 000000001;如果R3=0则跳到 R1=R1+R1           
0001 111 111 0 00 001;R7=R7+R1                      
0001 001 001 0 00 001;R1=R1+R1(左移一位)            
0001 010 010 0 00 010;R2=R2+R2(左移一位)
0101 011 000 0 00 010;R2 AND R0-> R3                 
0000 010 000000001;如果R3=0则跳到 R1=R1+R1           
0001 111 111 0 00 001;R7=R7+R1                      
0001 001 001 0 00 001;R1=R1+R1(左移一位)            
0001 010 010 0 00 010;R2=R2+R2(左移一位)
0101 011 000 0 00 010;R2 AND R0-> R3                 
0000 010 000000001;如果R3=0则跳到 R1=R1+R1           
0001 111 111 0 00 001;R7=R7+R1                      
0001 001 001 0 00 001;R1=R1+R1(左移一位)            
0001 010 010 0 00 010;R2=R2+R2(左移一位)
0101 011 000 0 00 010;R2 AND R0-> R3                 
0000 010 000000001;如果R3=0则跳到 R1=R1+R1           
0001 111 111 0 00 001;R7=R7+R1                      
0001 001 001 0 00 001;R1=R1+R1(左移一位)            
0001 010 010 0 00 010;R2=R2+R2(左移一位)
0101 011 000 0 00 010;R2 AND R0-> R3                 
0000 010 000000001;如果R3=0则跳到 R1=R1+R1           
0001 111 111 0 00 001;R7=R7+R1                      
0001 001 001 0 00 001;R1=R1+R1(左移一位)            
0001 010 010 0 00 010;R2=R2+R2(左移一位)
0101 011 000 0 00 010;R2 AND R0-> R3                 
0000 010 000000001;如果R3=0则跳到 halt           
0001 111 111 0 00 001;R7=R7+R1
